$coord
    1.24869729097288     -0.35894369997066     -0.48876369930179      c
    2.33873572703619      1.13131300414185     -1.38495071937430      h
    2.21416071999799     -2.66918450659437     -0.34027878960619      c
    1.18795011373328     -4.21231761483888      0.53951831221902      h
    4.06838201834334     -3.10500669247370     -1.09347374443320      h
   -1.24781026329849      0.35940201268517      0.49082623491110      c
   -2.33691110294998     -1.13007896612990      1.38946618217847      h
   -2.21463516778510      2.66889683389499      0.33911771718049      c
   -4.06896851115192      3.10472757955876      1.09203581742112      h
   -1.18960082489815      4.21119204972677     -0.54349731119471      h
$user-defined bonds
$redundant
     number_of_atoms            10
     degrees_of_freedom         24
     internal_coordinates       24
     frozen_coordinates          0
# definitions of redundant internals
   1 k  1.0000000000000 stre    1    2           val=   2.05236
   2 k  0.7071067826224 bend    3    2    1      val=   1.50470
       -0.7071067797507 bend    6    2    1
   3 k  1.0000000000000 outp    2    6    3    1 val=  -0.01106
   4 k  1.0000000000000 tors    5    3    1    6 val=  89.99382
        1.0000000000000 tors    4    3    1    6
   5 k  1.0000000000000 stre    3    5           val=   2.04826
   6 k  1.0000000000000 stre    3    4           val=   2.05144
   7 k  0.8164955472289 bend    4    5    3      val=  -2.41807
       -0.4093729658498 bend    1    5    3
       -0.4071225812784 bend    1    4    3
   8 k -0.0012992591079 bend    4    5    3      val=   0.10575
       -0.7064562548489 bend    1    5    3
        0.7077555170472 bend    1    4    3
   9 k  1.0000000000000 outp    4    5    1    3 val=  -0.00311
  10 k  1.0000000000000 stre    6    7           val=   2.05238
  11 k  0.7071067812090 bend    8    7    6      val=   1.49962
       -0.7071067811641 bend    1    7    6
  12 k  1.0000000000000 outp    7    1    8    6 val=  -0.00138
  13 k  1.0000000000000 tors    9    8    6    1 val=  89.99745
        1.0000000000000 tors   10    8    6    1
  14 k  1.0000000000000 stre    8    9           val=   2.04826
  15 k  1.0000000000000 stre    8   10           val=   2.05143
  16 k  0.8164955620836 bend   10    9    8      val=  -2.41613
       -0.4093649534427 bend    6    9    8
       -0.4071306080247 bend    6   10    8
  17 k -0.0012899973222 bend   10    9    8      val=   0.10564
       -0.7064608960931 bend    6    9    8
        0.7077509012345 bend    6   10    8
  18 k  1.0000000000000 outp   10    9    6    8 val=  -0.00774
  19 k  1.0000000000000 tors    3    1    6    8 val= 180.09884
  20 k  1.0000000000000 stre    1    3           val=   2.50826
  21 k  1.0000000000000 bend    6    3    1      val= 124.30081
  22 k  1.0000000000000 stre    6    8           val=   2.50829
  23 k  1.0000000000000 bend    1    8    6      val= 124.29740
  24 k  1.0000000000000 stre    1    6           val=   2.77636
        24 non zero eigenvalues  of BmBt
           1           6.811001588    1    0
         1
           2           4.460485211    2    0
         2
           3           4.189139558    3    0
         3
           4           4.074973506    4    0
         4
           5           3.682163417    5    0
         5
           6           3.584261258    6    0
         6
           7           2.622786681    7    0
         7
           8           2.500455804    8    0
         8
           9           2.133353506    9    0
         9
          10           1.837453603   10    0
        10
          11           1.508567809   11    0
        11
          12           0.900090842   12    0
        12
          13           0.896337811   13    0
        13
          14           0.828514320   14    0
        14
          15           0.661723727   15    0
        15
          16           0.558737415   16    0
        16
          17           0.384152548   17    0
        17
          18           0.375212963   18    0
        18
          19           0.320242730   19    0
        19
          20           0.319718238   20    0
        20
          21           0.283805131   21    0
        21
          22           0.106177781   22    0
        22
          23           0.077531868   23    0
        23
          24           0.040165500   24    0
        24
$end
