$coord
    1.24869729097288     -0.35894369997066     -0.48876369930179      c
    2.21416071999799     -2.66918450659437     -0.34027878960619      c
   -1.24781026329849      0.35940201268517      0.49082623491110      c
   -2.21463516778510      2.66889683389499      0.33911771718049      c
 0.696067202496 -0.911573788448 -1.04139378778 h
 0.902125247816 -0.705515743127 -0.835335742458 h
 1.64030314675 0.0326621558024 -0.0971578435287 h
 1.43424510143 -0.173395889518 -0.303215888849 h
 1.30657945436 -0.301061536588 -0.430881535919 h
 1.51263749968 -0.0950034912674 -0.224823490599 h
 1.74082392277 -3.14252130382 -0.813615586835 h
 1.94684509139 -2.9365001352 -0.607594418209 h
 2.73213350233 -2.15121172426 0.177693992728 h
 2.52611233371 -2.35723289289 -0.0283271758981 h
 2.06645354086 -2.81689168573 -0.487985968742 h
 2.27247470949 -2.6108705171 -0.281964800116 h
 -0.901250250767 0.705962025217 0.837386247443 h
 -0.695168144196 0.912044131788 1.04346835401 h
 -1.43312685351 0.174085422472 0.305509644698 h
 -1.63920896008 -0.0319966840988 0.0994275381272 h
 -1.51210887139 0.0951034045906 0.226527626817 h
 -1.30602676482 0.301185511162 0.432609733388 h
 -1.94718469478 2.9363473069 0.606568190184 h
 -1.74113452638 3.1423974753 0.812618358587 h
 -2.52646074074 2.35707126094 0.0272921442242 h
 -2.73251090915 2.15102109253 -0.17875802418 h
 -2.27336823694 2.61016376474 0.280384648027 h
 -2.06731806854 2.81621393315 0.486434816431 h
$user-defined bonds
$redundant
     number_of_atoms            10
     degrees_of_freedom         24
     internal_coordinates       24
     frozen_coordinates          0
# definitions of redundant internals
   1 k  1.0000000000000 stre    1    2           val=   2.05236
   2 k  0.7071067826224 bend    3    2    1      val=   1.50470
       -0.7071067797507 bend    6    2    1
   3 k  1.0000000000000 outp    2    6    3    1 val=  -0.01106
   4 k  1.0000000000000 tors    5    3    1    6 val=  89.99382
        1.0000000000000 tors    4    3    1    6
   5 k  1.0000000000000 stre    3    5           val=   2.04826
   6 k  1.0000000000000 stre    3    4           val=   2.05144
   7 k  0.8164955472289 bend    4    5    3      val=  -2.41807
       -0.4093729658498 bend    1    5    3
       -0.4071225812784 bend    1    4    3
   8 k -0.0012992591079 bend    4    5    3      val=   0.10575
       -0.7064562548489 bend    1    5    3
        0.7077555170472 bend    1    4    3
   9 k  1.0000000000000 outp    4    5    1    3 val=  -0.00311
  10 k  1.0000000000000 stre    6    7           val=   2.05238
  11 k  0.7071067812090 bend    8    7    6      val=   1.49962
       -0.7071067811641 bend    1    7    6
  12 k  1.0000000000000 outp    7    1    8    6 val=  -0.00138
  13 k  1.0000000000000 tors    9    8    6    1 val=  89.99745
        1.0000000000000 tors   10    8    6    1
  14 k  1.0000000000000 stre    8    9           val=   2.04826
  15 k  1.0000000000000 stre    8   10           val=   2.05143
  16 k  0.8164955620836 bend   10    9    8      val=  -2.41613
       -0.4093649534427 bend    6    9    8
       -0.4071306080247 bend    6   10    8
  17 k -0.0012899973222 bend   10    9    8      val=   0.10564
       -0.7064608960931 bend    6    9    8
        0.7077509012345 bend    6   10    8
  18 k  1.0000000000000 outp   10    9    6    8 val=  -0.00774
  19 k  1.0000000000000 tors    3    1    6    8 val= 180.09884
  20 k  1.0000000000000 stre    1    3           val=   2.50826
  21 k  1.0000000000000 bend    6    3    1      val= 124.30081
  22 k  1.0000000000000 stre    6    8           val=   2.50829
  23 k  1.0000000000000 bend    1    8    6      val= 124.29740
  24 k  1.0000000000000 stre    1    6           val=   2.77636
        24 non zero eigenvalues  of BmBt
           1           6.811001588    1    0
         1
           2           4.460485211    2    0
         2
           3           4.189139558    3    0
         3
           4           4.074973506    4    0
         4
           5           3.682163417    5    0
         5
           6           3.584261258    6    0
         6
           7           2.622786681    7    0
         7
           8           2.500455804    8    0
         8
           9           2.133353506    9    0
         9
          10           1.837453603   10    0
        10
          11           1.508567809   11    0
        11
          12           0.900090842   12    0
        12
          13           0.896337811   13    0
        13
          14           0.828514320   14    0
        14
          15           0.661723727   15    0
        15
          16           0.558737415   16    0
        16
          17           0.384152548   17    0
        17
          18           0.375212963   18    0
        18
          19           0.320242730   19    0
        19
          20           0.319718238   20    0
        20
          21           0.283805131   21    0
        21
          22           0.106177781   22    0
        22
          23           0.077531868   23    0
        23
          24           0.040165500   24    0
        24
$end
