$coord
    1.24869729097288     -0.35894369997066     -0.48876369930179      c
    2.21416071999799     -2.66918450659437     -0.34027878960619      c
   -1.24781026329849      0.35940201268517      0.49082623491110      c
   -2.21463516778510      2.66889683389499      0.33911771718049      c
 1.42126081045 -1.05826620241 -0.387886445776 h
 1.46104702882 -0.58067349984 -0.530442635691 h
 1.17011780466 -0.93832802091 -0.0561606203411 h
 1.20990402303 -0.460735318344 -0.198716810256 h
 0.991666302757 -1.0374481697 -0.438037901117 h
 1.03145252113 -0.559855467133 -0.580594091032 h
 2.01689724032 -2.41192558348 -0.515340411341 h
 2.02651094235 -2.00539112741 -0.224415485008 h
 2.56867753323 -2.57507914088 -0.305585640033 h
 2.57829123526 -2.16854468481 -0.0146607137009 h
 2.06287846386 -2.7680499456 -0.0192166316176 h
 2.0724921659 -2.36151548953 0.271708294714 h
 -1.62718352478 0.979765704907 0.506030470765 h
 -1.25388839264 0.659782073354 0.415139217854 h
 -1.91225575276 0.654985289348 0.478616851692 h
 -1.53896062061 0.335001657795 0.387725598781 h
 -1.7337834132 0.754772352288 0.86031066365 h
 -1.36048828106 0.434788720735 0.769419410739 h
 -1.88091090773 2.08654838698 0.535915767884 h
 -2.16290803702 2.33050152792 0.20280244768 h
 -1.61813131058 2.61484749211 0.700355706786 h
 -1.90012843988 2.85880063305 0.367242386581 h
 -2.12381574466 2.4219957211 0.987209331863 h
 -2.40581287395 2.66594886204 0.654096011658 h
$user-defined bonds
$redundant
     number_of_atoms            10
     degrees_of_freedom         24
     internal_coordinates       24
     frozen_coordinates          0
# definitions of redundant internals
   1 k  1.0000000000000 stre    1    2           val=   2.05236
   2 k  0.7071067826224 bend    3    2    1      val=   1.50470
       -0.7071067797507 bend    6    2    1
   3 k  1.0000000000000 outp    2    6    3    1 val=  -0.01106
   4 k  1.0000000000000 tors    5    3    1    6 val=  89.99382
        1.0000000000000 tors    4    3    1    6
   5 k  1.0000000000000 stre    3    5           val=   2.04826
   6 k  1.0000000000000 stre    3    4           val=   2.05144
   7 k  0.8164955472289 bend    4    5    3      val=  -2.41807
       -0.4093729658498 bend    1    5    3
       -0.4071225812784 bend    1    4    3
   8 k -0.0012992591079 bend    4    5    3      val=   0.10575
       -0.7064562548489 bend    1    5    3
        0.7077555170472 bend    1    4    3
   9 k  1.0000000000000 outp    4    5    1    3 val=  -0.00311
  10 k  1.0000000000000 stre    6    7           val=   2.05238
  11 k  0.7071067812090 bend    8    7    6      val=   1.49962
       -0.7071067811641 bend    1    7    6
  12 k  1.0000000000000 outp    7    1    8    6 val=  -0.00138
  13 k  1.0000000000000 tors    9    8    6    1 val=  89.99745
        1.0000000000000 tors   10    8    6    1
  14 k  1.0000000000000 stre    8    9           val=   2.04826
  15 k  1.0000000000000 stre    8   10           val=   2.05143
  16 k  0.8164955620836 bend   10    9    8      val=  -2.41613
       -0.4093649534427 bend    6    9    8
       -0.4071306080247 bend    6   10    8
  17 k -0.0012899973222 bend   10    9    8      val=   0.10564
       -0.7064608960931 bend    6    9    8
        0.7077509012345 bend    6   10    8
  18 k  1.0000000000000 outp   10    9    6    8 val=  -0.00774
  19 k  1.0000000000000 tors    3    1    6    8 val= 180.09884
  20 k  1.0000000000000 stre    1    3           val=   2.50826
  21 k  1.0000000000000 bend    6    3    1      val= 124.30081
  22 k  1.0000000000000 stre    6    8           val=   2.50829
  23 k  1.0000000000000 bend    1    8    6      val= 124.29740
  24 k  1.0000000000000 stre    1    6           val=   2.77636
        24 non zero eigenvalues  of BmBt
           1           6.811001588    1    0
         1
           2           4.460485211    2    0
         2
           3           4.189139558    3    0
         3
           4           4.074973506    4    0
         4
           5           3.682163417    5    0
         5
           6           3.584261258    6    0
         6
           7           2.622786681    7    0
         7
           8           2.500455804    8    0
         8
           9           2.133353506    9    0
         9
          10           1.837453603   10    0
        10
          11           1.508567809   11    0
        11
          12           0.900090842   12    0
        12
          13           0.896337811   13    0
        13
          14           0.828514320   14    0
        14
          15           0.661723727   15    0
        15
          16           0.558737415   16    0
        16
          17           0.384152548   17    0
        17
          18           0.375212963   18    0
        18
          19           0.320242730   19    0
        19
          20           0.319718238   20    0
        20
          21           0.283805131   21    0
        21
          22           0.106177781   22    0
        22
          23           0.077531868   23    0
        23
          24           0.040165500   24    0
        24
$end
