$coord
    0.29421348219459     -0.18499050872867      0.41097925563095  c
   -2.10709695394246     -1.10000603433205     -0.23677275060649  c
   -2.51310871021538     -3.64395670646420     -0.73902688654703  c
   -0.49936584791306     -5.33834264706889     -0.55806493614729  c
    1.89075776337025     -4.47605268203308      0.11752506392692  c
    2.30872149517538     -1.91321600022203      0.58937946737009  c
    4.65217448822160     -1.21594510678943      1.41081559034031  o
    6.52171467684101     -0.33204890147716     -0.14986149963509  c
    0.46303734512691      2.58004819284597      0.91652516202258  c
    2.82527359821867      3.48907509379806      0.92251409270872  o
   -1.35122379968961      3.91796069623855      1.23278485566231  o
    8.48945442760951      0.26030677509550      0.76966831832598  o
    5.91509268758361     -0.24722145897029     -2.92586536320329  c
   -3.65187610029258      0.26820644015838     -0.32661839044323  h
   -4.39999303787481     -4.31134061960114     -1.25220587371467  h
   -0.79319524913978     -7.35200197850006     -0.92457866938196  h
    3.48090185760125     -5.77781922815968      0.32818915615720  h
    2.70519487484724      5.29268241799496      1.29099312954454  h
    7.60953319776752      0.38795904278869     -3.94426716317429  h
    5.33061294128168     -2.12011993407863     -3.62971283415515  h
    4.34904892752803      1.07719222265320     -3.28712679574758  h
$end