$coord
    0.13890334150245      0.13890705082908      0.18729580195765  p
   -1.83859976158641      2.01451918717111     -1.93406689383943  c
    2.01451443464724     -1.83860322126956     -1.93406148995182  c
   -2.06809976906767     -2.06808939983397      1.66642547543744  c
    2.45354917315649      2.45353827323131      2.95227694441759  au
    4.80507770297813      4.80503601917755      5.75352951237226  cl
   -3.13987328271978     -3.13984491793520      0.23179591406506  h
   -3.39518623847385     -1.01105547563992      2.87636666938048  h
   -1.01106851194115     -3.39519186303837      2.87635126311201  h
   -0.63364552272090      3.30757314764378     -3.03778129335254  h
   -2.92104900557872      0.79344900782041     -3.23483851354844  h
   -3.15791605942602      3.16859034467311     -0.80722392112912  h
    3.30750006066987     -0.63364285659970     -3.03784923736009  h
    3.16865866046591     -3.15784939067255     -0.80721118731616  h
    0.79344071581392     -2.92112996783749     -3.23476531200276  h
$end