$coord
    3.51854838727426      0.51814889614271      0.00000000000000  c
    5.81885037284553     -0.66324724357839      0.00000000000000  c
    1.14843824556943     -0.76005403368771      0.00000000000000  c
   -1.15051120669952      0.42403872310459      0.00000000000000  c
   -3.52218998030837     -0.85135505543265      0.00000000000000  c
    8.18747933813971      0.61767269132042      0.00000000000000  c
   10.48910796876247     -0.56114745609270      0.00000000000000  c
   12.85638276952701      0.72234677920064      0.00000000000000  c
   15.15928485802526     -0.45407013856964      0.00000000000000  c
   17.52537865698559      0.83175481981411      0.00000000000000  c
   19.82957090423628     -0.34251282160535      0.00000000000000  c
   22.19455327779333      0.94547679993497      0.00000000000000  c
   24.49997943521784     -0.22684661974862      0.00000000000000  c
   26.86396099588165      1.06307824637021      0.00000000000000  c
   29.17030812813563     -0.10748290934905      0.00000000000000  c
   31.53338441192403      1.18414219746157      0.00000000000000  c
   33.84030235431252      0.01515677361813      0.00000000000000  c
   -5.81977464030069      0.33550083050116      0.00000000000000  c
   -8.19300785292337     -0.93707482767743      0.00000000000000  c
  -10.48939878210040      0.25252866867101      0.00000000000000  c
  -12.86419007886268     -1.01720943562290      0.00000000000000  c
  -15.15937707406596      0.17513805641550      0.00000000000000  c
  -17.53563992085684     -1.09188263005031      0.00000000000000  c
  -19.82952243395885      0.10301047323560      0.00000000000000  c
  -22.20712274164358     -1.16147654419018      0.00000000000000  c
  -24.49961367175618      0.03571684625028      0.00000000000000  c
   36.20259023458318      1.30822669438004      0.00000000000000  c
   38.50990748891976      0.14062426645198      0.00000000000000  c
   40.87151614052279      1.43494923708296      0.00000000000000  c
   43.17920299489816      0.26834496159682      0.00000000000000  c
   45.54033190992225      1.56355384692134      0.00000000000000  c
   47.84828130501446      0.39769880212965      0.00000000000000  c
   50.20917099278824      1.69356360985027      0.00000000000000  c
   52.51728858563663      0.52821690020579      0.00000000000000  c
   54.87818672539463      1.82454334118231      0.00000000000000  c
   57.18636917036446      0.65952430325371      0.00000000000000  c
   59.54737534544435      1.95622733359081      0.00000000000000  c
   61.85565434488580      0.79147826032262      0.00000000000000  c
   64.21692539074002      2.08845751602958      0.00000000000000  c
   66.52505683664818      0.92391476562920      0.00000000000000  c
   68.88669404188289      2.22128244373577      0.00000000000000  c
   71.19436628080895      1.05714527511204      0.00000000000000  c
   73.55648756381188      2.35520276352559      0.00000000000000  c
   75.86342977429179      1.19184738262711      0.00000000000000  c
  -26.87840946151703     -1.22645487857667      0.00000000000000  c
  -29.16960057714977     -0.02726872674428      0.00000000000000  c
  -31.54941720332499     -1.28745837540208      0.00000000000000  c
  -33.83954514944255     -0.08638283165911      0.00000000000000  c
  -36.22025813341427     -1.34472375551246      0.00000000000000  c
  -38.50947894373235     -0.14202169432679      0.00000000000000  c
  -40.89096878295700     -1.39881070866568      0.00000000000000  c
  -43.17947851695751     -0.19477533964749      0.00000000000000  c
  -45.56163594980404     -1.45034032396823      0.00000000000000  c
  -47.84964731437638     -0.24528252864778      0.00000000000000  c
  -50.23238022262002     -1.49996879195678      0.00000000000000  c
  -52.52020040583202     -0.29422282394631      0.00000000000000  c
  -54.90328162726026     -1.54838991433628      0.00000000000000  c
  -57.19119009592256     -0.34225968314508      0.00000000000000  c
  -59.57441132295154     -1.59628707047136      0.00000000000000  c
  -61.86240871506815     -0.39017975914801      0.00000000000000  c
  -64.24554371036285     -1.64443569343462      0.00000000000000  c
  -66.53356230184936     -0.43874000857814      0.00000000000000  c
  -68.91641432973945     -1.69354318909274      0.00000000000000  c
  -71.20444854882410     -0.48854953889394      0.00000000000000  c
  -73.58689823454709     -1.74417217442749      0.00000000000000  c
  -75.87524611209486     -0.54006240784707      0.00000000000000  c
  -78.25713072836278     -1.79669998391979      0.00000000000000  c
  -80.54591048008180     -0.59367624517849      0.00000000000000  c
  -82.92723590293329     -1.85153185870317      0.00000000000000  c
  -85.21655655461285     -0.64974159416704      0.00000000000000  c
  -87.59738837373784     -1.90898505299176      0.00000000000000  c
  -89.88732137020570     -0.70856154437393      0.00000000000000  c
  -92.26773700765510     -1.96924083899145      0.00000000000000  c
  -94.55835375981405     -0.77020586900845      0.00000000000000  c
  -96.93830892939120     -2.03255804498611      0.00000000000000  c
  -99.22955443736289     -0.83512927131747      0.00000000000000  c
 -101.60909798073754     -2.09935715129228      0.00000000000000  c
 -103.90065131189905     -0.90378437016583      0.00000000000000  c
 -106.27989644434810     -2.17017767350336      0.00000000000000  c
 -108.57141800493001     -0.97679267236931      0.00000000000000  c
 -110.95064009377533     -2.24580077385706      0.00000000000000  c
 -113.24199004680105     -1.05496822814619      0.00000000000000  c
 -115.62168973988082     -2.32739720151321      0.00000000000000  c
 -117.91245754849469     -1.14010882583716      0.00000000000000  c
 -120.29356267398610     -2.41767858130551      0.00000000000000  c
 -122.58277490731047     -1.23584204655835      0.00000000000000  c
 -124.96726421802718     -2.52240577435622      0.00000000000000  c
 -127.25309099852376     -1.35191331599602      0.00000000000000  c
 -129.64715099635077     -2.66163182986835      0.00000000000000  c
 -131.91897871673709     -1.51852413646484      0.00000000000000  c
   78.22625596635142      2.49115395595089      0.00000000000000  c
   80.53242223216780      1.32922781507526      0.00000000000000  c
   82.89628395228864      2.63090532636413      0.00000000000000  c
   85.20128330276361      1.47145345408864      0.00000000000000  c
   87.56699207766955      2.77731619375084      0.00000000000000  c
   89.86994983784668      1.62249573425985      0.00000000000000  c
   92.23928569906423      2.93672899528334      0.00000000000000  c
   94.53848269344313      1.79273699999832      0.00000000000000  c
   96.91731263444227      3.12991712898648      0.00000000000000  c
   99.20213678555707      2.01298946805906      0.00000000000000  c
    3.47595155817383      2.59400947702338      0.00000000000000  h
    5.86260492248881     -2.73905593265554      0.00000000000000  h
    1.18978517160052     -2.83591431970841      0.00000000000000  h
   -1.19065384296599      2.49998018649727      0.00000000000000  h
   -3.48331498134135     -2.92728896529015      0.00000000000000  h
    8.14252143412673      2.69347301160111      0.00000000000000  h
   10.53515651670158     -2.63693044651737      0.00000000000000  h
   12.80919716607177      2.79811399828003      0.00000000000000  h
   15.20740007178633     -2.52985037176958      0.00000000000000  h
   17.47624169425369      2.90751614080262      0.00000000000000  h
   19.87963848462894     -2.41828359613834      0.00000000000000  h
   22.14353079172635      3.02123549284341      0.00000000000000  h
   24.55182568661717     -2.30259635314220      0.00000000000000  h
   26.81127836187673      3.13882557740284      0.00000000000000  h
   29.22369467266991     -2.18318590574692      0.00000000000000  h
   31.47928473986147      3.25985395947744      0.00000000000000  h
   33.89498625085648     -2.06047807986697      0.00000000000000  h
   -5.85739410549845      2.41153082414152      0.00000000000000  h
   -8.15663522868730     -3.01309332328255      0.00000000000000  h
  -10.52456994333366      2.32862841673879      0.00000000000000  h
  -12.83024972420380     -3.09330454102475      0.00000000000000  h
  -15.19216214867848      2.25128749081389      0.00000000000000  h
  -17.50402881063809     -3.16803521610524      0.00000000000000  h
  -19.86004643408333      2.17918167107406      0.00000000000000  h
  -22.17769858227339     -3.23765906187131      0.00000000000000  h
  -24.52803480050493      2.11188531643106      0.00000000000000  h
   36.14727292535888      3.38387987111380      0.00000000000000  h
   38.56578666051302     -1.93493010082256      0.00000000000000  h
   40.81516377253790      3.51052350043289      0.00000000000000  h
   43.23591436537205     -1.80715355309199      0.00000000000000  h
   45.48324832431462      3.63907208784055      0.00000000000000  h
   47.90561647056367     -1.67778547114875      0.00000000000000  h
   50.15156613643553      3.76906285803426      0.00000000000000  h
   52.57505018557963     -1.54729028210861      0.00000000000000  h
   54.82022528138171      3.90006413690037      0.00000000000000  h
   57.24440963389740     -1.41602348180087      0.00000000000000  h
   59.48915955048763      4.03178548722468      0.00000000000000  h
   61.91396211637840     -1.28408275944526      0.00000000000000  h
   64.15845715499846      4.16403610696421      0.00000000000000  h
   66.58365228004949     -1.15163018054622      0.00000000000000  h
   68.82788382483319      4.29685445284818      0.00000000000000  h
   71.25342072180069     -1.01835647326629      0.00000000000000  h
   73.49706995744491      4.43074407314820      0.00000000000000  h
   75.92331999024022     -0.88359760064122      0.00000000000000  h
  -26.85093983049080     -3.30264126938099      0.00000000000000  h
  -29.19626912203217      2.04887932586259      0.00000000000000  h
  -31.52363675501443     -3.36362168254051      0.00000000000000  h
  -33.86453986045402      1.98975050311903      0.00000000000000  h
  -36.19601784298552     -3.42086453786752      0.00000000000000  h
  -38.53305586724984      1.93411580782875      0.00000000000000  h
  -40.86800363258016     -3.47494475800421      0.00000000000000  h
  -43.20191550666809      1.88139315962004      0.00000000000000  h
  -45.53965568930509     -3.52649436297258      0.00000000000000  h
  -47.87118790736658      1.83094125839190      0.00000000000000  h
  -50.21114568308069     -3.57617002514084      0.00000000000000  h
  -52.54122799971889      1.78205128003010      0.00000000000000  h
  -54.88238323358227     -3.62464506346489      0.00000000000000  h
  -57.21204191440739      1.73404994926830      0.00000000000000  h
  -59.55353703791306     -3.67258465457328      0.00000000000000  h
  -61.88337782289558      1.68612978505706      0.00000000000000  h
  -64.22441594567536     -3.72074274819661      0.00000000000000  h
  -66.55491034496164      1.63753259160145      0.00000000000000  h
  -68.89477806963798     -3.76982350029294      0.00000000000000  h
  -71.22647579106292      1.58765985482154      0.00000000000000  h
  -73.56447710728808     -3.82038909619593      0.00000000000000  h
  -75.89811175077963      1.53609153923015      0.00000000000000  h
  -78.23376699785150     -3.87286001283931      0.00000000000000  h
  -80.56979981874485      1.48245608217348      0.00000000000000  h
  -82.90277444672688     -3.92766294354037      0.00000000000000  h
  -85.24160713180490      1.42640521395291      0.00000000000000  h
  -87.57169438029550     -3.98512670805570      0.00000000000000  h
  -89.91358047707702      1.36762149138835      0.00000000000000  h
  -92.24082272733568     -4.04541489053081      0.00000000000000  h
  -94.58599622593211      1.30598914451165      0.00000000000000  h
  -96.90988906610876     -4.10874893852980      0.00000000000000  h
  -99.25877375299687      1.24104289399967      0.00000000000000  h
 -101.57902728443092     -4.17553463350035      0.00000000000000  h
 -103.93163042162767      1.17232964272405      0.00000000000000  h
 -106.24794369464443     -4.24631195610782      0.00000000000000  h
 -108.60446035287413      1.09924801675806      0.00000000000000  h
 -110.91639079148192     -4.32188780709463      0.00000000000000  h
 -113.27772834616522      1.02099601179047      0.00000000000000  h
 -115.58431107181514     -4.40344550335083      0.00000000000000  h
 -117.95203170943006      0.93576234249192      0.00000000000000  h
 -120.25141597735647     -4.49371479337151      0.00000000000000  h
 -122.62853051620634      0.83984727447625      0.00000000000000  h
 -124.91611542245379     -4.59854178188035      0.00000000000000  h
 -127.31341320014907      0.72354229803064      0.00000000000000  h
 -129.56373263600165     -4.73603024181274      0.00000000000000  h
 -132.08429802350221      0.54815844807239      0.00000000000000  h
 -133.67783857651301     -2.60849101298254      0.00000000000000  h
   78.16565171663572      4.56665669693524      0.00000000000000  h
   80.59403873356013     -0.74613821471144      0.00000000000000  h
   82.83349787204621      4.70635922818448      0.00000000000000  h
   85.26582711747243     -0.60379522143721      0.00000000000000  h
   87.50022806255627      4.85271828693114      0.00000000000000  h
   89.94002531345012     -0.45251337363175      0.00000000000000  h
   92.16402345705367      5.01213529523893      0.00000000000000  h
   94.62275854951588     -0.28188912774556      0.00000000000000  h
   96.81002893144003      5.20322168106982      0.00000000000000  h
   99.39122676522256     -0.05165873449537      0.00000000000000  h
  100.94834498276640      3.12311908934539      0.00000000000000  h
$end