$coord
   -1.15272204457377      0.56365105018862      0.00000000000000  c
    1.15299677583016     -0.56957044996372      0.00000000000000  c
   -3.51749709402150     -0.77018439542310      0.00000000000000  c
   -5.82044899394614      0.35915245339760      0.00000000000000  c
   -8.19459625422412     -0.99059494226942      0.00000000000000  c
  -10.48285985527130      0.11699613313180      0.00000000000000  c
    3.51699679738516      0.76561425442060      0.00000000000000  c
    5.82116234118741     -0.36116834457355      0.00000000000000  c
    8.19320404926401      0.99224608538249      0.00000000000000  c
   10.48351086185650     -0.11105483409240      0.00000000000000  c
   -1.24151323719160      2.63810850299427      0.00000000000000  h
    1.24236100322368     -2.64397553296468      0.00000000000000  h
   -3.42704032574853     -2.84489313973744      0.00000000000000  h
   -5.91705763001261      2.43341656648739      0.00000000000000  h
   -8.07841604285571     -3.06342654236821      0.00000000000000  h
  -12.22537156034929     -0.99892069589083      0.00000000000000  h
  -10.67928161995636      2.18102937624682      0.00000000000000  h
    3.42473897326316      2.84025157106737      0.00000000000000  h
    5.92056304565904     -2.43526720738004      0.00000000000000  h
    8.07334756419346      3.06486123562012      0.00000000000000  h
   10.68416329730602     -2.17467062286125      0.00000000000000  h
   12.22375994898228      1.00839947858759      0.00000000000000  h
$end