$coord
   -3.49163381085855      0.47237724304696      0.00000000000000  c
   -1.17781759137046     -0.65175735001489      0.00000000000000  c
   -5.84564960078888     -0.87549581317265      0.00000000000000  c
   -8.15934884774391      0.23466625530367      0.00000000000000  c
  -10.51898912456683     -1.13849483435360      0.00000000000000  c
  -12.81994371376951     -0.05677861481444      0.00000000000000  c
    1.17783998590589      0.68590913632298      0.00000000000000  c
    3.48888932178316     -0.44387241725408      0.00000000000000  c
    5.84913322041781      0.89295175261818      0.00000000000000  c
    8.15540477425150     -0.23251295084889      0.00000000000000  c
   10.52595560787014      1.12158313497148      0.00000000000000  c
   12.81707494691257      0.01914899685974      0.00000000000000  c
   -3.59023697754347      2.54630550863699      0.00000000000000  h
   -1.08343113747553     -2.72609657142551      0.00000000000000  h
   -5.74044295376537     -2.94963088786836      0.00000000000000  h
   -8.27510197777320      2.30780887732619      0.00000000000000  h
  -10.37996196733841     -3.20992616996670      0.00000000000000  h
  -14.54863239382743     -1.19399608847705      0.00000000000000  h
  -13.04143776018891      2.00461181399257      0.00000000000000  h
    1.08610128839378      2.76031564078308      0.00000000000000  h
    3.58003694885096     -2.51816393751878      0.00000000000000  h
    5.75594385053368      2.96759745659863      0.00000000000000  h
    8.25567014520059     -2.30646848193745      0.00000000000000  h
   10.40499798195158      3.19410212261934      0.00000000000000  h
   13.01919222396663     -2.04424433512534      0.00000000000000  h
   14.55638756097216      1.14006051369792      0.00000000000000  h
$end