$coord
  -88.26116228357844     -2.07499727664893      0.00000000000000  c
  -90.52757926522132     -0.92140184425216      0.00000000000000  c
  -92.92776065389022     -2.22021488106578      0.00000000000000  c
  -95.20799605176866     -1.03967700556165      0.00000000000000  c
  -97.59841275204154     -2.31623485316881      0.00000000000000  c
  -99.88217694200981     -1.12529109903212      0.00000000000000  c
 -102.26913502031343     -2.39419737573737      0.00000000000000  c
 -104.55467691630341     -1.19920297956691      0.00000000000000  c
 -106.94017650965573     -2.46481164252109      0.00000000000000  c
 -109.22629447144152     -1.26819457454691      0.00000000000000  c
 -111.61144228912643     -2.53276376707224      0.00000000000000  c
 -113.89758158153353     -1.33607603562850      0.00000000000000  c
 -116.28318029044576     -2.60144100293596      0.00000000000000  c
 -118.56852907844176     -1.40613897525797      0.00000000000000  c
 -120.95570246642708     -2.67453156524988      0.00000000000000  c
 -123.23919536045906     -1.48306713961738      0.00000000000000  c
 -125.62995131038268     -2.75891347469914      0.00000000000000  c
 -127.90988564578721     -1.57771936773172      0.00000000000000  c
 -130.31045064052859     -2.87577735861613      0.00000000000000  c
 -132.57652276359798     -1.72149572311965      0.00000000000000  c
 -132.73162005744035      0.34602082263249      0.00000000000000  h
 -134.34088946486671     -2.80259854217263      0.00000000000000  h
  -86.49704527394110     -0.99334449181335      0.00000000000000  h
  -88.10564559744985     -4.14249360263136      0.00000000000000  h
  -90.60136029813442      1.15338405061067      0.00000000000000  h
  -92.87673804572334     -4.29595238699562      0.00000000000000  h
  -95.25015315560296      1.03667070089423      0.00000000000000  h
  -97.56113931662657     -4.39211975115925      0.00000000000000  h
  -99.91638477429110      0.95092494769340      0.00000000000000  h
 -102.23681603539966     -4.47025316972133      0.00000000000000  h
 -104.58554633022240      0.87700108050044      0.00000000000000  h
 -106.91007525892459     -4.54095452392030      0.00000000000000  h
 -109.25584143819756      0.80799826686717      0.00000000000000  h
 -111.58175604485822     -4.60895385409410      0.00000000000000  h
 -113.92739443497936      0.74007415818076      0.00000000000000  h
 -116.25269326152251     -4.67764789624685      0.00000000000000  h
 -118.60033277088196      0.66992880367465      0.00000000000000  h
 -120.92210174901588     -4.75076320316438      0.00000000000000  h
 -123.27580592388220      0.59283617866258      0.00000000000000  h
 -125.58849085505868     -4.83528523538367      0.00000000000000  h
 -127.96024488268057      0.49803204294920      0.00000000000000  h
 -130.23729134193209     -4.95058607147896      0.00000000000000  h
$end