$coord
  -64.83015644714983     -1.40417619815027      0.00000000000000  c
  -67.10584384254157     -0.26870831730756      0.00000000000000  c
  -69.49548229526694     -1.58642320937844      0.00000000000000  c
  -71.78521436645151     -0.42387561290078      0.00000000000000  c
  -74.16516696605196     -1.71878472856475      0.00000000000000  c
  -76.45856280235178     -0.54534595659542      0.00000000000000  c
  -78.83500565723432     -1.83189707625460      0.00000000000000  c
  -81.13031555947380     -0.65372928374532      0.00000000000000  c
  -83.50510499769855     -1.93601096228701      0.00000000000000  c
  -85.80134972257891     -0.75517415115800      0.00000000000000  c
  -88.17530439844249     -2.03499500197658      0.00000000000000  c
  -90.47196892186304     -0.85254093231229      0.00000000000000  c
  -92.84562912781792     -2.13083803434975      0.00000000000000  c
  -95.14239451265937     -0.94731771987530      0.00000000000000  c
  -97.51604218331593     -2.22467338527576      0.00000000000000  c
  -99.81266738340943     -1.04050373899497      0.00000000000000  c
 -102.18654157269462     -2.31740957281281      0.00000000000000  c
 -104.48283843556200     -1.13300131072523      0.00000000000000  c
 -106.85720457208987     -2.40995892921560      0.00000000000000  c
 -109.15298396100309     -1.22579717203744      0.00000000000000  c
 -111.52813030259047     -2.50346676282234      0.00000000000000  c
 -113.82312924236811     -1.32025139960491      0.00000000000000  c
 -116.19940730243054     -2.59971118554657      0.00000000000000  c
 -118.49314918811102     -1.41850861359711      0.00000000000000  c
 -120.87142638919956     -2.70164227167360      0.00000000000000  c
 -123.16301893797673     -1.52468480090360      0.00000000000000  c
 -125.54507696545764     -2.81572983078783      0.00000000000000  c
 -127.83288449177562     -1.64931815209395      0.00000000000000  c
 -130.22475568667147     -2.96293465319763      0.00000000000000  c
 -132.49845436027269     -1.82355803857532      0.00000000000000  c
 -132.66691179095668      0.24289393716197      0.00000000000000  h
 -134.25547339485720     -2.91651438538522      0.00000000000000  h
  -63.07494171162653     -0.30847784349496      0.00000000000000  h
  -64.65784910956526     -3.47033515537406      0.00000000000000  h
  -67.19611675942313      1.80541513502551      0.00000000000000  h
  -69.42812328266665     -3.66168256519593      0.00000000000000  h
  -71.84358672659124      1.65209577931812      0.00000000000000  h
  -74.11201272113337     -3.79432353034010      0.00000000000000  h
  -76.50838605731782      1.53057705579629      0.00000000000000  h
  -78.78743369817657     -3.90765988861402      0.00000000000000  h
  -81.17607296564071      1.42222281468938      0.00000000000000  h
  -83.46059153355732     -4.01188359986556      0.00000000000000  h
  -85.84481376157939      1.32079202791838      0.00000000000000  h
  -88.13254476741903     -4.11092299401330      0.00000000000000  h
  -90.51418855277430      1.22343757912011      0.00000000000000  h
  -92.80397600504722     -4.20680677341755      0.00000000000000  h
  -95.18369872110303      1.12867211025627      0.00000000000000  h
  -97.47503790583461     -4.30065539201060      0.00000000000000  h
  -99.85349027568263      1.03547508861386      0.00000000000000  h
 -102.14583882769909     -4.39339883492313      0.00000000000000  h
 -104.52355909983761      0.94297475690653      0.00000000000000  h
 -106.81638326647766     -4.48596620001416      0.00000000000000  h
 -109.19406454025750      0.85016793985190      0.00000000000000  h
 -111.48657089989948     -4.57946992219394      0.00000000000000  h
 -113.86536981931913      0.75566346416116      0.00000000000000  h
 -116.15628454623626     -4.67570730749234      0.00000000000000  h
 -118.53786742342689      0.65731653846641      0.00000000000000  h
 -120.82470856492554     -4.77763232479255      0.00000000000000  h
 -123.21291097384861      0.55094426961965      0.00000000000000  h
 -125.49018082668412     -4.89180173460878      0.00000000000000  h
 -127.89673206068198      0.42606974308186      0.00000000000000  h
 -130.13789828922739     -5.03722194946608      0.00000000000000  h
$end