$coord
  -41.41761823556227     -1.20311246783080      0.00000000000000  c
  -43.67788973216377     -0.03761396576766      0.00000000000000  c
  -46.08102811535761     -1.32902532767788      0.00000000000000  c
  -48.35981865483353     -0.14588540796417      0.00000000000000  c
  -50.74707475716134     -1.42533694396695      0.00000000000000  c
  -53.03310454282561     -0.23862361592879      0.00000000000000  c
  -55.41407418212130     -1.51452092300815      0.00000000000000  c
  -57.70373147701551     -0.32625717914163      0.00000000000000  c
  -60.08163020432644     -1.60031806806193      0.00000000000000  c
  -62.37339121856140     -0.41141539910856      0.00000000000000  c
  -64.74959302374501     -1.68454617821209      0.00000000000000  c
  -67.04267529334953     -0.49530790985533      0.00000000000000  c
  -69.41787389298344     -1.76785590675477      0.00000000000000  c
  -71.71175301218889     -0.57837749400118      0.00000000000000  c
  -74.08644020237543     -1.85045513906208      0.00000000000000  c
  -76.38076713693712     -0.66076228940748      0.00000000000000  c
  -78.75521052196035     -1.93245718799186      0.00000000000000  c
  -81.04972773463051     -0.74255554218946      0.00000000000000  c
  -83.42408375003222     -2.01393726170884      0.00000000000000  c
  -85.71861467867734     -0.82382087447569      0.00000000000000  c
  -88.09302109018344     -2.09495431321505      0.00000000000000  c
  -90.38744644834931     -0.90463457554936      0.00000000000000  c
  -92.76202544849841     -2.17559775022264      0.00000000000000  c
  -95.05622322632287     -0.98507894621319      0.00000000000000  c
  -97.43111532122202     -2.25593181087501      0.00000000000000  c
  -99.72492314207008     -1.06523499962743      0.00000000000000  c
 -102.10025413567692     -2.33610521637474      0.00000000000000  c
 -104.39345434999566     -1.14531444380368      0.00000000000000  c
 -106.76944360843153     -2.41638258538420      0.00000000000000  c
 -109.06173619093830     -1.22562177658252      0.00000000000000  c
 -111.43883044125249     -2.49708568131489      0.00000000000000  c
 -113.72970810248991     -1.30648337824929      0.00000000000000  c
 -116.10861028843078     -2.57867208115928      0.00000000000000  c
 -118.39727735997896     -1.38850147239764      0.00000000000000  c
 -120.77937375448167     -2.66229551570359      0.00000000000000  c
 -123.06429941549807     -1.47345311384708      0.00000000000000  c
 -125.45280141131946     -2.75057489660395      0.00000000000000  c
 -127.73040534771722     -1.56514859148854      0.00000000000000  c
 -130.13484954987595     -2.85412438388180      0.00000000000000  c
 -132.39393407348487     -1.68632549456841      0.00000000000000  c
  -41.27621511502811     -3.27160422453388      0.00000000000000  h
  -43.74409853055750      2.03739338368754      0.00000000000000  h
  -46.03463368514067     -3.40476516239085      0.00000000000000  h
  -48.40349098953207      1.93037140811319      0.00000000000000  h
  -50.70650230221254     -3.50104629709599      0.00000000000000  h
  -53.07239747506802      1.83738434032729      0.00000000000000  h
  -55.37543895598948     -3.59035609154354      0.00000000000000  h
  -57.74110622951659      1.74973142534481      0.00000000000000  h
  -60.04392119798581     -3.67621729121694      0.00000000000000  h
  -62.40999627225597      1.66460504680047      0.00000000000000  h
  -64.71247303735807     -3.76049537881743      0.00000000000000  h
  -67.07889424827395      1.58071979534113      0.00000000000000  h
  -69.38124390473548     -3.84383306054893      0.00000000000000  h
  -71.74774010203080      1.49765680802546      0.00000000000000  h
  -74.05022053258298     -3.92646506656830      0.00000000000000  h
  -76.41654925375667      1.41527697621693      0.00000000000000  h
  -78.71930503259222     -4.00847480520351      0.00000000000000  h
  -81.08532440842455      1.33347405501767      0.00000000000000  h
  -83.38847377868018     -4.08995469877829      0.00000000000000  h
  -85.75406269858478      1.25220183066451      0.00000000000000  h
  -88.05767879265247     -4.17097659717948      0.00000000000000  h
  -90.42279371372584      1.17139000033734      0.00000000000000  h
  -92.72689689349374     -4.25163409976102      0.00000000000000  h
  -95.09148268888684      1.09095207697774      0.00000000000000  h
  -97.39615835393259     -4.33198402868912      0.00000000000000  h
  -99.76015602641297      1.01079377210127      0.00000000000000  h
 -102.06538820113447     -4.41215743699943      0.00000000000000  h
 -104.42883418741845      0.93068568112507      0.00000000000000  h
 -106.73456121824644     -4.49243104517737      0.00000000000000  h
 -109.09743590823487      0.85035324404584      0.00000000000000  h
 -111.40371891314631     -4.57313013455970      0.00000000000000  h
 -113.76582642386408      0.76944449006587      0.00000000000000  h
 -116.07291757174468     -4.65468865121585      0.00000000000000  h
 -118.43413207886192      0.68736630697365      0.00000000000000  h
 -120.74196978347995     -4.73833715452593      0.00000000000000  h
 -123.10289414876215      0.60229376595482      0.00000000000000  h
 -125.41120611836654     -4.82687289013987      0.00000000000000  h
 -127.77470531036398      0.51063716274786      0.00000000000000  h
 -130.07074938689360     -4.92919779037535      0.00000000000000  h
 -132.53323924335365      0.38230888789603      0.00000000000000  h
 -134.16539782417823     -2.75550107611462      0.00000000000000  h
  -39.64724630047885     -0.13212944712075      0.00000000000000  h
$end
