$coord
    1.35766587225652     -0.21857527964946      0.00000000000000  c
    2.43762529405033     -2.51225217538727      0.00000000000000  c
   -1.35749732451175      0.21843526897338      0.00000000000000  c
   -2.43747561579428      2.51199230070126      0.00000000000000  c
    2.56315994291481      1.47174487465738      0.00000000000000  h
    1.29310392736269     -4.24157320811336      0.00000000000000  h
    4.49473290666895     -2.74154516526415      0.00000000000000  h
   -2.56312706461848     -1.47176775298931      0.00000000000000  h
   -4.49449988554257      2.74170253867688      0.00000000000000  h
   -1.29368805278621      4.24183859839464      0.00000000000000  h
$end