$coord
  -17.96290073511957     -0.51834807105948      0.00000000000000  c
  -20.23954198498222      0.61512378529470      0.00000000000000  c
  -22.62800839308828     -0.70467420229851      0.00000000000000  c
  -24.91883572744134      0.45592262601145      0.00000000000000  c
  -27.29759793641015     -0.84107424655417      0.00000000000000  c
  -29.59219453436032      0.33018994428819      0.00000000000000  c
  -31.96719976287426     -0.95867747927825      0.00000000000000  c
  -34.26385521025152      0.21717543633994      0.00000000000000  c
  -36.63703907017451     -1.06751937263539      0.00000000000000  c
  -38.93479994561279      0.11089681842944      0.00000000000000  c
  -41.30698233750547     -1.17137686866262      0.00000000000000  c
  -43.60535715311899      0.00865994938070      0.00000000000000  c
  -45.97699268286353     -1.27201728656555      0.00000000000000  c
  -48.27566068791439     -0.09082281429344      0.00000000000000  c
  -50.64710420565442     -1.37020353397665      0.00000000000000  c
  -52.94581255356702     -0.18801433954379      0.00000000000000  c
  -55.31722389980344     -1.46639408495548      0.00000000000000  c
  -57.61589185038805     -0.28334086328048      0.00000000000000  c
  -59.98741869738921     -1.56083109878435      0.00000000000000  c
  -62.28592149461974     -0.37699255070769      0.00000000000000  c
  -64.65765596412629     -1.65366109856684      0.00000000000000  c
  -66.95589070972679     -0.46908410505279      0.00000000000000  c
  -69.32791688565990     -1.74495792463173      0.00000000000000  c
  -71.62587796559741     -0.55965850160099      0.00000000000000  c
  -73.99824962223158     -1.83479680236545      0.00000000000000  c
  -76.29580551755195     -0.64864668898826      0.00000000000000  c
  -78.66866765195461     -1.92287794962532      0.00000000000000  c
  -80.96572639149556     -0.73582219907061      0.00000000000000  c
  -83.33917401015675     -2.00908082153971      0.00000000000000  c
  -85.63564628457478     -0.82103811537830      0.00000000000000  c
  -88.00976661166162     -2.09328966644299      0.00000000000000  c
  -90.30557337079821     -0.90426201645304      0.00000000000000  c
  -92.68048195222549     -2.17544755821129      0.00000000000000  c
  -94.97552408466559     -0.98543831126006      0.00000000000000  c
  -97.35126519475605     -2.25574931367030      0.00000000000000  c
  -99.64554744022725     -1.06492487271012      0.00000000000000  c
 -102.02218965624191     -2.33461968247784      0.00000000000000  c
 -104.31563523696592     -1.14328427937792      0.00000000000000  c
 -106.69326620668576     -2.41278170466163      0.00000000000000  c
 -108.98575956974686     -1.22139225579063      0.00000000000000  c
 -111.36456574613700     -2.49133124058670      0.00000000000000  c
 -113.65597923363141     -1.30062492516048      0.00000000000000  c
 -116.03623121853391     -2.57217565118722      0.00000000000000  c
 -118.32615589159087     -1.38326981262946      0.00000000000000  c
 -120.70863075728504     -2.65828716415217      0.00000000000000  c
 -122.99623706392025     -1.47344929654042      0.00000000000000  c
 -125.38268280822761     -2.75620351299709      0.00000000000000  c
 -127.66641466422246     -1.58178042815784      0.00000000000000  c
 -130.06287160966093     -2.88694861104936      0.00000000000000  c
 -132.33253034928205     -1.73950621236075      0.00000000000000  c
  -17.78877560909005     -2.58434227583618      0.00000000000000  h
  -20.33156507856966      2.68917415351659      0.00000000000000  h
  -22.55881898197800     -2.77987500058492      0.00000000000000  h
  -24.97895217393780      2.53183444965563      0.00000000000000  h
  -27.24259779726728     -2.91656385013580      0.00000000000000  h
  -29.64400272957189      2.40603889698499      0.00000000000000  h
  -31.91761977780436     -3.03436616954459      0.00000000000000  h
  -34.31167070556719      2.29305113514949      0.00000000000000  h
  -36.59041928638251     -3.14331149178721      0.00000000000000  h
  -38.98040169593175      2.18679636806706      0.00000000000000  h
  -41.26211292823854     -3.24722736165564      0.00000000000000  h
  -43.64953220611162      2.08457913437566      0.00000000000000  h
  -45.93328230177870     -3.34790477218100      0.00000000000000  h
  -48.31891150196115      1.98512038633709      0.00000000000000  h
  -50.60431339081572     -3.44612761274560      0.00000000000000  h
  -52.98819712044686      1.88794136870412      0.00000000000000  h
  -55.27521068378861     -3.54233404160905      0.00000000000000  h
  -57.65752601142657      1.79262539149742      0.00000000000000  h
  -59.94613329219262     -3.63678752756000      0.00000000000000  h
  -62.32684716566548      1.69898561056685      0.00000000000000  h
  -64.61707289084691     -3.72963404184693      0.00000000000000  h
  -66.99610033390492      1.60690924997984      0.00000000000000  h
  -69.28798813726365     -3.82094502501374      0.00000000000000  h
  -71.66537086526073      1.51633685883966      0.00000000000000  h
  -73.95921524851413     -3.91078992619577      0.00000000000000  h
  -76.33446775777496      1.42736205326703      0.00000000000000  h
  -78.63043231964174     -3.99888496005645      0.00000000000000  h
  -81.00353771663187      1.34020151169174      0.00000000000000  h
  -83.30180215927599     -4.08510368258663      0.00000000000000  h
  -85.67255692455186      1.25500172291512      0.00000000000000  h
  -87.97324374924639     -4.16933005078207      0.00000000000000  h
  -90.34174484680197      1.17180038915063      0.00000000000000  h
  -92.64479373296076     -4.25151538714547      0.00000000000000  h
  -95.01084340295112      1.09063574169047      0.00000000000000  h
  -97.31630684030262     -4.33183043587993      0.00000000000000  h
  -99.68022761261253      1.01115473628206      0.00000000000000  h
 -101.98774481421160     -4.41071548683937      0.00000000000000  h
 -104.34996995583637      0.93279511998639      0.00000000000000  h
 -106.65896994357756     -4.48889125251286      0.00000000000000  h
 -109.02019764188789      0.85467806322499      0.00000000000000  h
 -111.32981753019902     -4.56745033729838      0.00000000000000  h
 -113.69135171903265      0.77539763409035      0.00000000000000  h
 -116.00009338240409     -4.64828749405882      0.00000000000000  h
 -118.36380735177055      0.69267064953928      0.00000000000000  h
 -120.66907582632908     -4.73440159114687      0.00000000000000  h
 -123.03890764289804      0.60231645714341      0.00000000000000  h
 -125.33508574783758     -4.83243118038791      0.00000000000000  h
 -127.72292505065833      0.49379888027413      0.00000000000000  h
 -129.98337858613255     -4.96151093622276      0.00000000000000  h
 -132.49358506587964      0.32752821119217      0.00000000000000  h
 -134.09338677328265     -2.82626083316861      0.00000000000000  h
  -16.20860188931534      0.57896628919586      0.00000000000000  h
$end