$coord
    3.53645019684271      0.74668453596891      0.00000000000000  c
    5.80776171716699     -0.38946445682699      0.00000000000000  c
    1.14088114148739     -0.57625923266992      0.00000000000000  c
   -1.14088114148012      0.57625923260639      0.00000000000000  c
   -3.53645019685652     -0.74668453599675      0.00000000000000  c
   -5.80776171714711      0.38946445686940      0.00000000000000  c
    3.44468838328478      2.82062873561946      0.00000000000000  h
    5.97850302808630     -2.45587956579328      0.00000000000000  h
    7.56454065097972      0.70416186279305      0.00000000000000  h
    1.21535654145536     -2.65173938358607      0.00000000000000  h
   -1.21535654144878      2.65173938352331      0.00000000000000  h
   -3.44468838336520     -2.82062873565150      0.00000000000000  h
   -7.56454065099114     -0.70416186269773      0.00000000000000  h
   -5.97850302801443      2.45587956584172      0.00000000000000  h
$end