$coord
    1.18772799560951      0.66276382310378      0.00000000000000  c
    3.48281766022703     -0.47654043674931      0.00000000000000  c
   -1.18772799485257     -0.66276381019826      0.00000000000000  c
   -3.48281766174764      0.47654044500037      0.00000000000000  c
   -5.86447766328881     -0.86324606083038      0.00000000000000  c
   -8.14702805916198      0.25401873232000      0.00000000000000  c
    5.86447766664269      0.86324606049683      0.00000000000000  c
    8.14702805735357     -0.25401874321454      0.00000000000000  c
    1.10579984505107      2.73779110768048      0.00000000000000  h
    3.57048109431386     -2.55122460106307      0.00000000000000  h
   -1.10579984222730     -2.73779109469385      0.00000000000000  h
   -3.57048110183937      2.55122460908498      0.00000000000000  h
   -5.75628073507983     -2.93645894806155      0.00000000000000  h
   -9.89415281216544     -0.85479357731765      0.00000000000000  h
   -8.33517886373833      2.31885209712355      0.00000000000000  h
    5.75628074721818      2.93645894820822      0.00000000000000  h
    9.89415281568862      0.85479355804482      0.00000000000000  h
    8.33517885199675     -2.31885210893446      0.00000000000000  h
$end