$coord
   -1.31875064911832     -2.28369524407908      0.00000000000000  c
    1.31830338566943     -2.28384337119268      0.00000000000000  c
    2.63698557275565     -0.00020003015774      0.00000000000000  c
    1.31871136208128      2.28373103478677      0.00000000000000  c
   -1.31831077360477      2.28384464676312      0.00000000000000  c
   -2.63700747007383      0.00020592535713      0.00000000000000  c
   -2.35303606338358     -4.07491309819026      0.00000000000000  h
    2.35239128839956     -4.07520865692835      0.00000000000000  h
    4.70538383970824     -0.00024544295579      0.00000000000000  h
    2.35321378818429      4.07482614399033      0.00000000000000  h
   -2.35248285733071      4.07515411448459      0.00000000000000  h
   -4.70540142328727      0.00034397812198      0.00000000000000  h
$end