$coord
   -6.91146457026441     -1.34573934662815      0.00000000000000  c
   -4.67953670039073     -2.65572682720575      0.00000000000000  c
   -2.31066552522940     -1.36183395101915      0.00000000000000  c
   -2.31066535520647      1.36181204169693      0.00000000000000  c
   -4.67952630454692      2.65571812103512      0.00000000000000  c
   -6.91146043740498      1.34574440161360      0.00000000000000  c
    0.00000626287778     -2.64838799341158      0.00000000000000  c
   -0.00000626086592      2.64838797836434      0.00000000000000  c
    2.31066551620005      1.36183394678528      0.00000000000000  c
    2.31066535920959     -1.36181205145004      0.00000000000000  c
    4.67952632526492     -2.65571811543725      0.00000000000000  c
    6.91146044424038     -1.34574438008681      0.00000000000000  c
    6.91146455396394      1.34573936432244      0.00000000000000  c
    4.67953668493214      2.65572682588726      0.00000000000000  c
    4.67545870161517     -4.72438780831485      0.00000000000000  h
    0.00001879235962     -4.71798306198107      0.00000000000000  h
   -8.71157409754638     -2.36320590968128      0.00000000000000  h
   -4.67548333443790     -4.72439733258916      0.00000000000000  h
   -4.67545866576038      4.72438780735649      0.00000000000000  h
   -8.71156472937835      2.36321964440550      0.00000000000000  h
   -0.00001879490640      4.71798303351747      0.00000000000000  h
    8.71156474192652     -2.36321960758260      0.00000000000000  h
    8.71157407025608      2.36320593785949      0.00000000000000  h
    4.67548330419481      4.72439732033834      0.00000000000000  h
$end