$coord
   -5.29221488332106     -4.69431193834839      0.00000000000000  c
   -2.60441280301946     -4.70185412421382      0.00000000000000  c
   -1.30526656711361     -2.35646885084551      0.00000000000000  c
   -2.69336564151740     -0.04782482659170      0.00000000000000  c
   -5.37411913071872     -0.09543437420120      0.00000000000000  c
   -6.62786919142603     -2.47291461270460      0.00000000000000  c
    1.38811823702813     -2.30863210932288      0.00000000000000  c
   -1.38811828858385      2.30863200028975      0.00000000000000  c
    1.30526657554324      2.35646875496930      0.00000000000000  c
    2.69336562638350      0.04782476572067      0.00000000000000  c
    2.60441265948380      4.70185411228435      0.00000000000000  c
    1.17233937176561      6.97641801364838      0.00000000000000  c
   -1.41927430329188      6.93038833745051      0.00000000000000  c
   -2.76972205625142      4.60642736460674      0.00000000000000  c
   -5.45555698594710      4.50344175209787      0.00000000000000  c
   -6.71149579424253      2.23603633904323      0.00000000000000  c
   -1.17233944348727     -6.97641780212713      0.00000000000000  c
    1.41927438529685     -6.93038813481105      0.00000000000000  c
    2.76972227398759     -4.60642744892403      0.00000000000000  c
    5.45555724864244     -4.50344176258890      0.00000000000000  c
    6.71149593266899     -2.23603641078570      0.00000000000000  c
    5.37411921204760      0.09543438165568      0.00000000000000  c
    5.29221455569320      4.69431197336565      0.00000000000000  c
    6.62786903741875      2.47291459696935      0.00000000000000  c
   -8.77936638252585      2.19282276248346      0.00000000000000  h
   -6.51580084756800      6.27936442514565      0.00000000000000  h
   -6.28872215777860     -6.50676755644705      0.00000000000000  h
   -8.69598777032666     -2.50321688098338      0.00000000000000  h
    2.18020953220735      8.78253453856254      0.00000000000000  h
   -2.49058271267241      8.69965442220419      0.00000000000000  h
   -2.18020932668436     -8.78253449779912      0.00000000000000  h
    2.49058217152099     -8.69965463740784      0.00000000000000  h
    6.51580090324419     -6.27936457086731      0.00000000000000  h
    8.77936651023458     -2.19282243517872      0.00000000000000  h
    6.28872241916871      6.50676727651971      0.00000000000000  h
    8.69598763414071      2.50321715713116      0.00000000000000  h
$end