$coord
   -1.34573084294907      6.97474082227220      0.00000000000000  c
   -2.68771211677800      4.65521396678462      0.00000000000000  c
   -1.33926663970428      2.31953649533325      0.00000000000000  c
    1.33925649039177      2.31956372754353      0.00000000000000  c
    2.68763057556227      4.65521909226570      0.00000000000000  c
    1.34564086878727      6.97477591183234      0.00000000000000  c
   -2.67850781640812     -0.00008361593372      0.00000000000000  c
    2.67860154730605      0.00002506810972      0.00000000000000  c
    1.33934039210634     -2.31964896987093      0.00000000000000  c
   -1.33920138615047     -2.31971342711255      0.00000000000000  c
    2.68771059202453     -4.65526252694517      0.00000000000000  c
    5.36754410369179     -4.65282797133746      0.00000000000000  c
    6.71312751070959     -2.32201208272689      0.00000000000000  c
    5.37549197465229      0.00005710749309      0.00000000000000  c
    6.71321673890892      2.32205029653377      0.00000000000000  c
    5.36745248760745      4.65277718939658      0.00000000000000  c
   -5.36752762034153      4.65290156313478      0.00000000000000  c
   -6.71303331562973      2.32201382336180      0.00000000000000  c
   -5.37537487137210     -0.00002200288100      0.00000000000000  c
   -6.71322716951915     -2.32199472975653      0.00000000000000  c
   -5.36744687354171     -4.65272834043428      0.00000000000000  c
   -2.68763031680602     -4.65526993641266      0.00000000000000  c
    1.34573605274143     -6.97484844763057      0.00000000000000  c
   -1.34564113496950     -6.97488856783551      0.00000000000000  c
    6.70818371342229     -6.99369797609022      0.00000000000000  c
    2.70268288769507     -9.30632759962465      0.00000000000000  c
   -2.70259027030982     -9.30639739661363      0.00000000000000  c
   -6.70823353896433     -6.99352337824927      0.00000000000000  c
   -9.41082640346062     -2.31259383252231      0.00000000000000  c
   -9.41061266110279      2.31268022669399      0.00000000000000  c
   -6.70815436474391      6.99379676881487      0.00000000000000  c
   -2.70269990095528      9.30627096216959      0.00000000000000  c
    2.70255829659744      9.30624849072660      0.00000000000000  c
    6.70806366383206      6.99367848566422      0.00000000000000  c
    9.41079405232564      2.31265019057527      0.00000000000000  c
    9.41068775421138     -2.31267410145151      0.00000000000000  c
   -9.41937014935087     -6.92495860856465      0.00000000000000  c
   -5.34778739885579     -9.26256259367772      0.00000000000000  c
   10.69556544395812     -0.00003845461531      0.00000000000000  c
   10.70695134966255     -4.69482791375023      0.00000000000000  c
    5.34777971305490      9.26277064525076      0.00000000000000  c
    1.28753152855061     11.61990144847288      0.00000000000000  c
  -10.70680044071929      4.69492905656413      0.00000000000000  c
  -10.69550089624224      0.00008847433139      0.00000000000000  c
   -1.28760619042417    -11.62003694937210      0.00000000000000  c
    1.28760280127515    -11.61997780926483      0.00000000000000  c
  -10.70699951252429     -4.69479789436813      0.00000000000000  c
   -9.41932029133573      6.92514573960656      0.00000000000000  c
   -1.28766408546689     11.61983959265347      0.00000000000000  c
    9.41923276709359      6.92499515544221      0.00000000000000  c
   10.70692921313326      4.69487464377978      0.00000000000000  c
    9.41938929815900     -6.92507805219500      0.00000000000000  c
    5.34788259679653     -9.26278506396670      0.00000000000000  c
   -5.34787971286773      9.26290857415346      0.00000000000000  c
   -2.32866362477312    -13.40709437394197      0.00000000000000  h
   -6.38233877080157    -11.05446582689037      0.00000000000000  h
  -10.44656374502809     -8.72010896683736      0.00000000000000  h
  -12.77517167568902     -4.68702340294505      0.00000000000000  h
  -12.76447725083111      0.00014373371221      0.00000000000000  h
  -12.77496976485576      4.68701018545039      0.00000000000000  h
    2.32856410989757    -13.40704969547821      0.00000000000000  h
    6.38226631127490    -11.05473146054041      0.00000000000000  h
   10.44665333060817     -8.72016616736332      0.00000000000000  h
   12.77512040274870     -4.68687471966737      0.00000000000000  h
   12.76463635634380     -0.00003313848173      0.00000000000000  h
   12.77511277634921      4.68708655318853      0.00000000000000  h
   10.44637928098305      8.71989397242253      0.00000000000000  h
    6.38224304988110     11.05454728067084      0.00000000000000  h
    2.32828418736236     13.40694781960931      0.00000000000000  h
   -2.32857110467467     13.40701504118911      0.00000000000000  h
   -6.38232362095937     11.05477083993300      0.00000000000000  h
  -10.44641874059971      8.72005705021292      0.00000000000000  h
$end