$coord
   -3.28990888244379     -3.47591462315077      0.00000000000000  c
   -0.68966577586770     -3.47136261451873      0.00000000000000  c
    0.68288006764869     -1.16623947857998      0.00000000000000  c
   -0.68291794373605      1.16631541779730      0.00000000000000  c
   -3.36483506005032      1.09723206732345      0.00000000000000  c
   -4.64121730382524     -1.16817407327152      0.00000000000000  c
    3.36479682260157     -1.09723228610964      0.00000000000000  c
    0.68968779109110      3.47140683715273      0.00000000000000  c
    3.28993371755004      3.47590564858764      0.00000000000000  c
    4.64121293462094      1.16815152569145      0.00000000000000  c
    4.40575982738913     -2.88529295877277      0.00000000000000  h
   -4.32328185964839     -5.26707969366878      0.00000000000000  h
    0.36020931820702     -5.25418621532907      0.00000000000000  h
   -4.40585347403816      2.88525429033020      0.00000000000000  h
   -6.70894000105538     -1.19295508994124      0.00000000000000  h
   -0.36014851038965      5.25424441524791      0.00000000000000  h
    4.32335178834157      5.26704354496119      0.00000000000000  h
    6.70893654360466      1.19288328625060      0.00000000000000  h
$end