$coord
   -3.28975546812129     -5.78251124170134      0.00000000000000  c
   -0.65776285438818     -5.77761021340517      0.00000000000000  c
    0.69332689805696     -3.49652656802681      0.00000000000000  c
   -0.66582640518918     -1.17034252923392      0.00000000000000  c
   -3.35989755725441     -1.19058676339741      0.00000000000000  c
   -4.63035129460106     -3.51750211574315      0.00000000000000  c
    3.40532053449502     -3.41710312915105      0.00000000000000  c
    0.66582421760054      1.17034152399553      0.00000000000000  c
    3.35989640137987      1.19058608641216      0.00000000000000  c
    4.67735492860110     -1.18123342277168      0.00000000000000  c
    4.63035276759138      3.51750344666578      0.00000000000000  c
    3.28975689645494      5.78251254476024      0.00000000000000  c
    0.65776253532562      5.77761006977109      0.00000000000000  c
   -0.69332836217634      3.49652715474016      0.00000000000000  c
   -3.40532276461023      3.41710152704533      0.00000000000000  c
   -4.67735574606944      1.18123196101956      0.00000000000000  c
    6.69867110460346      3.53455026493605      0.00000000000000  h
   -6.74569593856331      1.15534410979609      0.00000000000000  h
   -4.43987581995260      5.20831448726242      0.00000000000000  h
    4.43987565618494     -5.20831430700050      0.00000000000000  h
   -4.31218809694915     -7.57972259601418      0.00000000000000  h
    0.38438974152711     -7.56426220906493      0.00000000000000  h
   -6.69866795624228     -3.53455480242492      0.00000000000000  h
    6.74569675982216     -1.15534247795728      0.00000000000000  h
    4.31218814469298      7.57972537259558      0.00000000000000  h
   -0.38438832221868      7.56426382689233      0.00000000000000  h
$end