$coord
   -0.06039258413718      0.08564143747814      0.17283651434492  c
    1.10983018823298     -1.10154369709437     -1.10069082588639  h
   -1.31917669189733      1.19890306859147     -1.06794628655637  h
    1.64821553338219      1.84312404549266      1.63693079235116  c
    2.79027012201727      0.92251077088606      3.15883686927258  h
   -1.59964097322829     -1.66625982556408      1.81498615868835  c
   -2.88984960734781     -2.97154812930524      0.75373264718191  h
    1.82588091693362      4.06271204257969      1.21250757939432  o
   -1.50513690395540     -1.71211666929303      4.08047131759838  o
$end