$coord
   -0.29554148030870      0.68259000290340      0.16577461933963  c
    2.17981655464786      1.54999700979532      1.31554696405365  c
    4.05506097945413      1.97529717331268      0.11881199136451  o
   -1.70017792480146     -0.98513234413102      1.78644437623933  n
   -3.85709328422564     -0.23846727485713      2.97791620650188  c
    0.07919337928431     -0.15770764806339     -1.70614146218310  h
   -1.49011707840640      2.37640262984234     -0.11140544941482  h
    2.11936352944954      1.79057164144445      3.42447051165229  h
   -1.08898584359291     -2.78175317085369      2.04134876481499  h
   -4.69945231869020     -1.78700914576870      4.13858516638726  h
   -4.78314377494036      1.83930255618692      2.82058106687158  o
$end